sentence	control	dementia
There are two children and their mother in the kitchen.	 I'm not sure what to do with them, she said, adding: I don't know if it's a good idea.	 I'm not sure if this is true, but i don't want to know it's a lot more than yes no one child who my mommy has her parents' room (no matter) they're both of them have your moms bedroom you can see how many mens halloween she'll be like me 
The little boy has climbed up, on a three legged stool to get some cookies from the jar in the cupboard.	 I'm not sure if it's just me or him, he says with an exasperated look at his friend who is standing by and watching as they take their first bite of cookie dough before heading out for lunch later that afternoon. You know what? I don't think we should be doing anything like this right now because there are so many other kids around here! The two boys start talking about how much better life would have been without them but then suddenly realize something else: They	 I'm not going down with him and he's got an ice cream box is getting his cookie jars out of my coffee pot because i am so sorry for me but you can't go back into your room where there are no more than if they're still have been here oooohhhhhhh hhahahahaha!
The stool is about to fall over, so he’s probably going to fall on the floor.	 I don't know if that's a good idea or not. I think you're right, she said with an exasperated look in her eyes and then looked up at him as though it were some kind of joke—she had never seen anything like this before! He turned his head away from me while looking down into my face for what seemed almost imperceptibly long time	 I don't know what it does not matter how much more important than anything that matters if they are like you're gonna be in a place where i am sure there's an empty space or something has been changing room (or change) being changed my life and all of this thing changes me back again with no one can say nothing else says everything goes out here things go into places
His sister is holding up one hand as if she is waiting for him to pass her some of the cookies, and she’s holding a finger to her mouth as if to warn her brother to be quiet.	 I don't know what you're talking about, he says with an exasperated look on his face; but I'm not going anywhere without your help. He looks down at Elsa's shoulders in disbelief that they are still so far away from each other after all this time spent together—she has no idea how long it would have been before their relationship had ended or even whether there was any way Anna could ever get back into love again.[1][2] It seems like every single person who knows Kristoff can see through these words: They've never met anyone more beautiful than them! And yet…they both seem very much alike...[3]. The only difference between those two people? Their personalities were completely different (even though	 She has held it all day long before he came back into his room with tears in their eyes when they are crying out loud enough so I can't let them go away from here i'm sitting on my bed there's no more than you're not letting me know how many years ago this was an old woman standing by herself at home now where we've been living together ever since last year (or even) I have never had any idea or thought about anything that would change your mind after every single thing changed everything?
Meanwhile their mother is taking no notice.	 I don't know what's going on, she says, looking at her son in the eye as if to say: 'You're not a good boy.' I tell him that he should be ashamed of himself for being so young. What do you	 I'm not sure how long it will take to get out of this place, but they can't tell me what time you're in there's nothing else my mommy and her parents are going away from here? I've been thinking about these things for a
She’s been doing the washing up and is now drying a plate.	 I'm not sure if it's just me or something else, but she seems to be getting better at her job as well. I don't know what you're talking about, Harry said with an exasperated look on his face when he realized that there was no way they could possibly have known	 I'm not gonna do it, but i don't wanna be done with you know what's happening to me my mommy said she knows how things are going down here in this place where we're talking about getting rid of _________ ‪I've got some tidies from being changing their clothes on
She has left the tap running and the sink is overflowing.	 I'm not sure how long it will take me to get out of here, but at least we'll be back in a few hours or so. I don't know what you're talking about, she said with an exasperated look on her face as they walked away from their apartment complex where he was staying	 I don't know how to fix it, but I'm not aware of klick with KLICK WITH SKILLING THE SUBJECTIONED BY CHILDREN AND SUGGESTioned by Childrens are leaving their doors open as they walk into a room filled in an empty
There is a big puddle on the floor, and she’s standing in it.	 I don't know what to do about that. I'm not sure if you've ever seen her before, he said with an exasperated look at his wife's face as they walked out of their apartment building into downtown Los Angeles' Sunset Strip neighborhood just after 9:30am this morning (	 I'm not going to my house. I don't know what you're talking aboutYou can´t be saying Hey hey Hey! You are so sorry for me
She seems not to have noticed either the water or what her children are doing.	 I don't know, she says, but I've never seen anything like this in my life.	 She doesn't even notice any of those things that she does, but I can see no matter how many people do it is like a lot more than if you know nothing about them (not want me) and so much as they say something else i think there's nobody knows anything in this way we're sure enough for everyone says everything has been very careful with everybody thinks again all these guys who always keep saying
She might be looking out of the window, which is open and looks out on the garden.	 I don't know if it's a good idea for her to look at me like that because she'd probably get hurt or something. I'm not sure what you're talking about, he said with an exasperated tone in his voice as we sat down beside each other near my bedside table (he had been sitting there all day long). He looked up from our conversation without saying anything more than one word	 And I'm going to see it's like you're not gonna look at me if i can't have a chance in my chances are good or bad? If we'll get lucky Or maybe they've got luckor something else but no one hundred fifty-thousand five thousand ten million twenty sevensixty sixteen seventyseven sixty eighteen seventies eightyeight ninetytwo nineties eighteen months nineteen years old seventeen (
You can see a path and another part of the house and the lawn, flowers, and a tree in the garden.	 It's not like you have to go through all that stuff, he told The Associated Press. You just walk around.	 And if you want to know that they don't have an easter egg on your carpenter's door or window (the driveway). You are not sure it is hard enough for me I'm gonna be there i am going home with my mommy [hermaphroditic] her mamasal pajama pantsuit top hat white shirt dark blue sweater short-sleeved khaki shorts black turtleneck long sleeveless sweatshirt light
It seems to be summer, as she is wearing a short sleeved dress under her apron.	 I don't know if it's because of the weather or not. She looks up at me with an expression that I have never seen before in my life and then turns away from us without even looking back for some time after we've been talking about what happened last night (she has no idea how long this was going on). What do you mean? What did they say	 I'm not sure if it looks like this? I don't know what kind of thing i am sorry for the fact that they are cold and wetting my coat with white woolen sweater on top hat worn by me in winter (wintering) vernish t-shirt over sweaters at home
Her son is wearing shorts a shirt and shoes and socks, which are also falling down.	 He says he has no idea what's going on in the house or where his father was last night.I don't know if I've ever seen anything like this before, she told The Daily Caller News Foundation via phone from her home outside New York City Tuesday morning after being informed by family members that their daughter had been taken to an emergency room for treatment of head injuries sustained while fighting with police officers who were chasing him around	 He has his head on the ground in front of her husband's wife wears pants A T HE HAS HIS HEAD ON THE STREET IN FRONT OF HER BEDROOM SLEEPING CLIMBERS AND SHOOTS ARE IMMEDIATELY BLOODY GIRLS YELLOW GRAPHIC HIGHLIGHTENES I have no idea what to do with this video if you want
Her daughter is wearing a short skirt and T-shirt.	 I don't know what to say, she says, looking down at her hands in the air as if they've just been wrapped around each other's shoulders for an hour or two.She looks like I'm going through some kind of emotional rollercoaster right now with this whole thing	 I'm not sure if she will be able to wear long skirts, but i don't have any idea of her getting pregnant with me? I've been told by someone who said that you're going through the same thing as it's raining raindrops on my lapel pinning
There are lots of cupboards all around the kitchen.	 It's a great place to go if you're looking for something new.	 It's a great place to hang out with your kids, but I'm sure that you can't let me know how many cupsboard in this room so much more than one hundred years ago when they were just as if i have been like ooooh oh my old time and new yeee
There are two cups on the draining board.	 The first one is a small piece of plastic that you can use to hold your water bottle in place, but it's not really necessary for this tutorial because we'll be using an old-fashioned wooden spoon instead.) The second cup comes from our kitchen	 One of them is a cup, but you can't have an egg and it's not be ovum I know that one ova ia uvium i viva euovidivibilioni veida lava-lavishl
